#Title, #runnumber: 277 yelloweye_data.ss yelloweye_control.ss 5699.87 2278.09 646.254 StartTime: Wed Jul 12 19:23:02 2017
SSv3_default_rebuild.dat
# Number of sexes
1
# Age range to consider (minimum age; maximum age)
0 100
# Number of fleets
12
# First year of projection (Yinit)
2011
# First Year of rebuilding period (Ydecl)
2013
# Number of simulations
1000
# Maximum number of years
500
# Conduct projections with multiple starting values (0=No;else yes)
0
# Number of parameter vectors
1000
# Is the maximum age a plus-group (1=Yes;2=No)
1
# Generate future recruitments using historical recruitments (1)  historical recruits/spawner (2)  or a stock-recruitment (3)
3
# Constant fishing mortality (1) or constant Catch (2) projections
1
# Fishing mortality based on SPR (1) or actual rate (2)
1
# Pre-specify the year of recovery (or -1) to ignore
-1
# Fecundity-at-age
# 0 1 2 3 4 5 6 7 8 9 10 11 12 13 14 15 16 17 18 19 20 21 22 23 24 25 26 27 28 29 30 31 32 33 34 35 36 37 38 39 40 41 42 43 44 45 46 47 48 49 50 51 52 53 54 55 56 57 58 59 60 61 62 63 64 65 66 67 68 69 70 71 72 73 74 75 76 77 78 79 80 81 82 83 84 85 86 87 88 89 90 91 92 93 94 95 96 97 98 99 100 #runnumber: 277 yelloweye_data.ss yelloweye_control.ss 5699.87 2278.09 646.254
 0 0 3.29186e-008 4.10319e-007 3.65313e-006 2.50956e-005 0.000137825 0.000609261 0.00216123 0.00619916 0.0146991 0.0296631 0.0524494 0.083369 0.121697 0.165989 0.214489 0.265482 0.317509 0.36946 0.420562 0.470332 0.518499 0.564941 0.609625 0.652568 0.693813 0.73341 0.771409 0.807859 0.842803 0.876279 0.908324 0.938974 0.968262 0.996223 1.02289 1.0483 1.0725 1.09551 1.11738 1.13815 1.15785 1.17653 1.19423 1.21099 1.22684 1.24184 1.25601 1.26939 1.28203 1.29396 1.3052 1.31581 1.32581 1.33523 1.3441 1.35245 1.36031 1.36771 1.37467 1.38122 1.38737 1.39316 1.3986 1.40371 1.40852 1.41303 1.41727 1.42125 1.42498 1.42858 1.43196 1.43514 1.43812 1.44091 1.44353 1.44599 1.4483 1.45047 1.4525 1.45441 1.4562 1.45788 1.45945 1.46093 1.46231 1.46361 1.46483 1.46597 1.46704 1.46804 1.46898 1.46986 1.47069 1.47147 1.47219 1.47287 1.47351 1.47411 1.47505 #female fecundity; weighted by N in year Y_init across morphs and areas
# Age specific selectivity and weight adjusted for discard and discard mortality
 #wt and selex for gender,fleet: 1 1
 0.0112049 0.023627 0.0631623 0.121571 0.198357 0.290588 0.394864 0.508069 0.627609 0.751451 0.878101 1.00658 1.13638 1.26738 1.39967 1.5334 1.66866 1.80534 1.94311 2.08145 2.21969 2.35709 2.49291 2.62644 2.75706 2.88429 3.0077 3.12703 3.24205 3.35264 3.45874 3.56033 3.65744 3.75013 3.83848 3.92258 4.00256 4.07853 4.15063 4.219 4.28378 4.34511 4.40313 4.458 4.50984 4.55881 4.60503 4.64864 4.68976 4.72854 4.76507 4.79949 4.8319 4.86241 4.89113 4.91814 4.94356 4.96745 4.98992 5.01104 5.03089 5.04954 5.06707 5.08353 5.09898 5.1135 5.12713 5.13993 5.15194 5.16321 5.17389 5.18402 5.19351 5.20243 5.21079 5.21863 5.22599 5.23289 5.23937 5.24544 5.25113 5.25647 5.26148 5.26618 5.27058 5.27471 5.27859 5.28222 5.28562 5.28881 5.2918 5.29461 5.29724 5.2997 5.30201 5.30418 5.30621 5.30811 5.3099 5.31157 5.31419
 0 0 0 0 0 0 0 0 0 0 0 0 0 0 0 0 0 0 0 0 0 0 0 0 0 0 0 0 0 0 0 0 0 0 0 0 0 0 0 0 0 0 0 0 0 0 0 0 0 0 0 0 0 0 0 0 0 0 0 0 0 0 0 0 0 0 0 0 0 0 0 0 0 0 0 0 0 0 0 0 0 0 0 0 0 0 0 0 0 0 0 0 0 0 0 0 0 0 0 1 0
 #wt and selex for gender,fleet: 1 3
 0.0111012 0.0219735 0.0571563 0.109962 0.179888 0.264679 0.361563 0.467888 0.581367 0.700185 0.823076 0.949337 1.07873 1.21125 1.34694 1.48564 1.62694 1.77017 1.91446 2.05886 2.20241 2.34424 2.48358 2.61982 2.75246 2.88113 3.00557 3.1256 3.2411 3.35202 3.45833 3.56006 3.65727 3.75002 3.8384 3.92253 4.00253 4.07851 4.15062 4.21899 4.28377 4.3451 4.40313 4.45799 4.50984 4.5588 4.60503 4.64864 4.68976 4.72854 4.76507 4.79949 4.8319 4.86241 4.89113 4.91814 4.94356 4.96746 4.98992 5.01104 5.03089 5.04954 5.06707 5.08353 5.09898 5.1135 5.12713 5.13993 5.15194 5.16321 5.1739 5.18402 5.19352 5.20243 5.21079 5.21863 5.22599 5.23289 5.23937 5.24544 5.25113 5.25647 5.26148 5.26618 5.27058 5.27471 5.27859 5.28222 5.28562 5.28881 5.2918 5.29461 5.29724 5.2997 5.30201 5.30418 5.30621 5.30811 5.3099 5.31157 5.31419
 0 0 0 0 0 0 0 0 0 0 0 0 0 0 0 0 0 0 0 0 0 0 0 0 0 0 0 0 0 0 0 0 0 0 0 0 0 0 0 0 0 0 0 0 0 0 0 0 0 0 0 0 0 0 0 0 0 0 0 0 0 0 0 0 0 0 0 0 0 0 0 0 0 0 0 0 0 0 0 0 0 0 0 0 0 0 0 0 0 0 0 0 0 0 0 0 0 0 0 1 0
 #wt and selex for gender,fleet: 1 4
 0.0110166 0.0206029 0.0520745 0.101135 0.167855 0.250926 0.348296 0.45768 0.576839 0.703722 0.836518 0.973661 1.11382 1.25588 1.39894 1.54226 1.68526 1.8275 1.96859 2.10821 2.24606 2.38183 2.51522 2.64593 2.77363 2.89806 3.01894 3.13605 3.2492 3.35826 3.46311 3.56372 3.66006 3.75214 3.84002 3.92377 4.00347 4.07924 4.15118 4.21943 4.28411 4.34537 4.40334 4.45816 4.50997 4.55891 4.60511 4.64871 4.68982 4.72859 4.76511 4.79953 4.83193 4.86244 4.89115 4.91816 4.94357 4.96747 4.98994 5.01105 5.0309 5.04955 5.06707 5.08353 5.09899 5.11351 5.12714 5.13993 5.15194 5.16322 5.1739 5.18402 5.19352 5.20243 5.21079 5.21863 5.22599 5.2329 5.23937 5.24544 5.25114 5.25648 5.26149 5.26618 5.27059 5.27472 5.27859 5.28222 5.28562 5.28881 5.29181 5.29461 5.29724 5.2997 5.30202 5.30418 5.30621 5.30812 5.3099 5.31157 5.3142
 0 0 0 0 0 0 0 0 0 0 0 0 0 0 0 0 0 0 0 0 0 0 0 0 0 0 0 0 0 0 0 0 0 0 0 0 0 0 0 0 0 0 0 0 0 0 0 0 0 0 0 0 0 0 0 0 0 0 0 0 0 0 0 0 0 0 0 0 0 0 0 0 0 0 0 0 0 0 0 0 0 0 0 0 0 0 0 0 0 0 0 0 0 0 0 0 0 0 0 1 0
 #wt and selex for gender,fleet: 1 5
 0.0111161 0.0222421 0.0585955 0.113845 0.187968 0.278873 0.383716 0.499612 0.623944 0.754476 0.889359 1.0271 1.1665 1.30665 1.44683 1.58656 1.72549 1.86338 2.00006 2.13537 2.26914 2.40115 2.53118 2.65893 2.78411 2.9064 3.02553 3.1412 3.25321 3.36135 3.4655 3.56555 3.66146 3.75322 3.84085 3.9244 4.00396 4.07961 4.15147 4.21965 4.28429 4.34551 4.40345 4.45825 4.51005 4.55897 4.60516 4.64875 4.68986 4.72861 4.76514 4.79955 4.83195 4.86245 4.89116 4.91817 4.94358 4.96748 4.98994 5.01106 5.03091 5.04956 5.06708 5.08354 5.099 5.11351 5.12714 5.13994 5.15195 5.16322 5.1739 5.18402 5.19352 5.20243 5.21079 5.21864 5.226 5.2329 5.23937 5.24545 5.25114 5.25648 5.26149 5.26619 5.27059 5.27472 5.27859 5.28222 5.28563 5.28882 5.29181 5.29461 5.29724 5.29971 5.30202 5.30418 5.30622 5.30812 5.3099 5.31158 5.3142
 0 0 0 0 0 0 0 0 0 0 0 0 0 0 0 0 0 0 0 0 0 0 0 0 0 0 0 0 0 0 0 0 0 0 0 0 0 0 0 0 0 0 0 0 0 0 0 0 0 0 0 0 0 0 0 0 0 0 0 0 0 0 0 0 0 0 0 0 0 0 0 0 0 0 0 0 0 0 0 0 0 0 0 0 0 0 0 0 0 0 0 0 0 0 0 0 0 0 0 1 0
 #wt and selex for gender,fleet: 1 6
 0.0117673 0.0309845 0.0813926 0.149239 0.231299 0.322075 0.417339 0.514623 0.613397 0.714809 0.820863 0.933498 1.05394 1.1824 1.31814 1.45972 1.60538 1.75332 1.90196 2.04994 2.19624 2.34004 2.48073 2.61785 2.75104 2.88005 3.00468 3.12481 3.24036 3.35129 3.45761 3.55933 3.65653 3.74926 3.83763 3.92175 4.00172 4.07769 4.14979 4.21815 4.28292 4.34424 4.40226 4.45712 4.50896 4.55791 4.60413 4.64773 4.68886 4.72762 4.76416 4.79857 4.83098 4.86149 4.8902 4.91721 4.94262 4.96652 4.98898 5.0101 5.02995 5.0486 5.06612 5.08258 5.09804 5.11255 5.12618 5.13898 5.15099 5.16226 5.17294 5.18306 5.19255 5.20146 5.20982 5.21766 5.22501 5.23191 5.23839 5.24446 5.25015 5.25549 5.26049 5.26519 5.26959 5.27372 5.27759 5.28122 5.28462 5.28781 5.2908 5.2936 5.29623 5.2987 5.30101 5.30317 5.3052 5.3071 5.30889 5.31056 5.31318
 0 0 0 0 0 0 0 0 0 0 0 0 0 0 0 0 0 0 0 0 0 0 0 0 0 0 0 0 0 0 0 0 0 0 0 0 0 0 0 0 0 0 0 0 0 0 0 0 0 0 0 0 0 0 0 0 0 0 0 0 0 0 0 0 0 0 0 0 0 0 0 0 0 0 0 0 0 0 0 0 0 0 0 0 0 0 0 0 0 0 0 0 0 0 0 0 0 0 0 1 0
 #wt and selex for gender,fleet: 1 7
 0.0117438 0.0309469 0.0833453 0.156779 0.248815 0.353783 0.466674 0.583725 0.702391 0.821174 0.939503 1.05759 1.17619 1.29631 1.41891 1.54466 1.67384 1.80629 1.94144 2.07843 2.21621 2.35372 2.48995 2.62401 2.75516 2.88285 3.00666 3.12628 3.24152 3.35227 3.45849 3.56016 3.65733 3.75005 3.83843 3.92255 4.00253 4.07851 4.15062 4.21899 4.28377 4.3451 4.40313 4.45799 4.50984 4.5588 4.60503 4.64864 4.68976 4.72854 4.76507 4.79949 4.8319 4.86241 4.89113 4.91814 4.94356 4.96746 4.98992 5.01104 5.03089 5.04954 5.06707 5.08353 5.09898 5.1135 5.12713 5.13993 5.15194 5.16321 5.1739 5.18402 5.19352 5.20243 5.21079 5.21863 5.22599 5.23289 5.23937 5.24544 5.25113 5.25647 5.26148 5.26618 5.27058 5.27471 5.27859 5.28222 5.28562 5.28881 5.2918 5.29461 5.29724 5.2997 5.30201 5.30418 5.30621 5.30811 5.3099 5.31157 5.31419
 0 0 0 0 0 0 0 0 0 0 0 0 0 0 0 0 0 0 0 0 0 0 0 0 0 0 0 0 0 0 0 0 0 0 0 0 0 0 0 0 0 0 0 0 0 0 0 0 0 0 0 0 0 0 0 0 0 0 0 0 0 0 0 0 0 0 0 0 0 0 0 0 0 0 0 0 0 0 0 0 0 0 0 0 0 0 0 0 0 0 0 0 0 0 0 0 0 0 0 1 0
# M and current age-structure in year Yinit: 2011
 # gender = 1
 0.0439034 0.0439034 0.0439034 0.0439034 0.0439034 0.0439034 0.0439034 0.0439034 0.0439034 0.0439034 0.0439034 0.0439034 0.0439034 0.0439034 0.0439034 0.0439034 0.0439034 0.0439034 0.0439034 0.0439034 0.0439034 0.0439034 0.0439034 0.0439034 0.0439034 0.0439034 0.0439034 0.0439034 0.0439034 0.0439034 0.0439034 0.0439034 0.0439034 0.0439034 0.0439034 0.0439034 0.0439034 0.0439034 0.0439034 0.0439034 0.0439034 0.0439034 0.0439034 0.0439034 0.0439034 0.0439034 0.0439034 0.0439034 0.0439034 0.0439034 0.0439034 0.0439034 0.0439034 0.0439034 0.0439034 0.0439034 0.0439034 0.0439034 0.0439034 0.0439034 0.0439034 0.0439034 0.0439034 0.0439034 0.0439034 0.0439034 0.0439034 0.0439034 0.0439034 0.0439034 0.0439034 0.0439034 0.0439034 0.0439034 0.0439034 0.0439034 0.0439034 0.0439034 0.0439034 0.0439034 0.0439034 0.0439034 0.0439034 0.0439034 0.0439034 0.0439034 0.0439034 0.0439034 0.0439034 0.0439034 0.0439034 0.0439034 0.0439034 0.0439034 0.0439034 0.0439034 0.0439034 0.0439034 0.0439034 0.0439034 0.0439034
 227.317 230.041 206.892 268.762 167.512 126.732 94.6702 69.7829 145.139 287.841 101.308 72.7257 143.211 71.9459 41.7944 34.0431 33.9154 69.3976 93.1048 34.7939 26.3844 27.9733 30.6898 31.4299 31.6281 30.1912 34.5654 42.5288 32.3008 38.3945 25.2685 16.5971 12.3168 9.32074 9.83138 9.13584 8.60358 5.48871 5.10173 6.12116 9.29835 6.3466 4.69368 3.43997 2.6066 2.10674 1.60974 1.30609 1.22925 1.30782 1.46003 1.54667 1.4548 1.26583 1.08853 0.961904 0.891384 0.87117 0.895641 0.962214 1.06327 1.16962 1.21885 1.16131 1.03169 0.896746 0.785779 0.701745 0.639517 0.59237 0.555619 0.526036 0.501594 0.480712 0.461716 0.443133 0.423954 0.404024 0.383822 0.364181 0.345845 0.329271 0.314542 0.301561 0.29003 0.27959 0.269914 0.26073 0.251815 0.243029 0.234287 0.225546 0.216811 0.208149 0.199553 0.190983 0.182665 0.174636 0.166918 0.15953 3.55318
# Age-structure at Ydeclare= 2013
 117.438 109.993 208.207 210.698 189.487 246.125 153.37 115.99 86.5991 63.7895 132.57 262.704 92.3907 66.2794 130.442 65.5008 38.0364 30.9735 30.8509 63.1173 84.6697 31.6391 23.9907 25.4342 27.9032 28.5751 28.7542 27.447 31.4224 38.66 29.3612 34.8988 22.9669 15.0847 11.194 8.47077 8.93457 8.30223 7.81833 4.98762 4.63585 5.56204 8.4488 5.76659 4.26463 3.12545 2.36823 1.91405 1.46248 1.18659 1.11676 1.18813 1.3264 1.4051 1.32163 1.14995 0.988877 0.873843 0.809777 0.791411 0.81364 0.874116 0.965917 1.06253 1.10725 1.05497 0.937221 0.814634 0.713827 0.637488 0.580957 0.538127 0.504741 0.477866 0.455662 0.436692 0.419435 0.402554 0.385131 0.367026 0.348674 0.330832 0.314175 0.299119 0.285738 0.273946 0.263472 0.253988 0.245198 0.236855 0.228757 0.220775 0.212834 0.204893 0.196958 0.189089 0.18128 0.173495 0.165938 0.158645 3.52439
# Year for Tmin Age-structure (set to Ydecl by SS)
2013
#  recruitment and biomass
# Number of historical assessment years
129
# Historical data
# year recruitment spawner in B0 in R project in R/S project
1888  1889 1890 1891 1892 1893 1894 1895 1896 1897 1898 1899 1900 1901 1902 1903 1904 1905 1906 1907 1908 1909 1910 1911 1912 1913 1914 1915 1916 1917 1918 1919 1920 1921 1922 1923 1924 1925 1926 1927 1928 1929 1930 1931 1932 1933 1934 1935 1936 1937 1938 1939 1940 1941 1942 1943 1944 1945 1946 1947 1948 1949 1950 1951 1952 1953 1954 1955 1956 1957 1958 1959 1960 1961 1962 1963 1964 1965 1966 1967 1968 1969 1970 1971 1972 1973 1974 1975 1976 1977 1978 1979 1980 1981 1982 1983 1984 1985 1986 1987 1988 1989 1990 1991 1992 1993 1994 1995 1996 1997 1998 1999 2000 2001 2002 2003 2004 2005 2006 2007 2008 2009 2010 2011 2012 2013 2014 2015 2016 #years (with first value representing R0)
219.874 216.823 216.724 216.623 216.518 216.403 216.285 216.162 216.042 215.92 215.794 215.666 215.529 215.392 215.255 215.104 214.951 214.799 214.649 214.51 214.376 214.241 214.111 213.982 213.85 213.694 213.494 213.211 212.81 212.248 211.297 210.033 208.487 206.626 204.47 202.078 199.528 196.926 194.415 192.143 190.265 188.922 188.19 188.01 188.239 188.57 188.619 188.043 186.724 184.833 182.846 181.317 180.759 181.544 184.09 189.066 197.391 210.314 228.39 250.024 267.773 267.364 244.042 210.988 181.549 160.642 148.488 144.325 147.863 158.747 174.972 190.37 191.301 170.358 143.604 126.645 125.799 144.316 174.942 199.347 240.781 298.646 364.49 478.466 280.14 206.157 194.466 265.485 243.978 225.888 183.232 206.115 235.368 302.607 387.461 274.645 305.436 210.654 157.303 142.205 123.286 106.286 86.6264 73.9712 89.3802 221.56 154.422 71.0759 67.5491 78.7858 129.14 245.082 118.765 157.967 428.767 206.633 94.9942 123.267 157.878 199.687 306.606 225.881 240.365 227.317 114.93 117.438 121.239 140.979 173.933  #recruits; first value is R0 (virgin)
2278.09  2278.09 2278.08 2278.05 2278 2277.07 2276.15 2275.22 2274.91 2274.75 2274.57 2274.38 2274.13 2273.8 2273.39 2272.88 2272.27 2271.54 2270.72 2269.81 2268.79 2267.45 2266.25 2264.97 2263.62 2262.18 2260.68 2259.11 2257.33 2255.64 2253.57 2247.33 2244.22 2241.32 2238.51 2236.23 2233.76 2230.15 2225.8 2219.8 2212.31 2204.96 2198.51 2191.32 2186.14 2181.22 2176.25 2170.14 2163.92 2155.68 2147.92 2139.51 2132.32 2122.8 2110.24 2096.99 2074.72 2051.16 2017.2 1986.02 1970.64 1953.49 1940.1 1925.53 1908.01 1892.92 1881.72 1868.47 1856.24 1844.13 1829.94 1817.22 1806.72 1798.56 1794.16 1788.46 1786.04 1786.38 1767.46 1763.03 1755.34 1747.27 1721.18 1704.61 1681.75 1652.58 1620.61 1585.06 1550.15 1509.67 1469.82 1404.76 1341.17 1292.66 1229.16 1123.28 1026.52 974.163 897.773 855.103 804.237 758.564 699.477 659.041 593.356 533.752 477.237 448.462 419.755 387.41 350.876 341.672 323.333 330.111 335.402 351.129 367.451 384.42 401.502 419.438 436.603 454.792 473.268 493.748 515.43 538.312 563.114 589.842 617.273 #spbio; first value is SSB_virgin (virgin)
1 0 0 0 0 0 0 0 0 0 0 0 0 0 0 0 0 0 0 0 0 0 0 0 0 0 0 0 0 0 0 0 0 0 0 0 0 0 0 0 0 0 0 0 0 0 0 0 0 0 0 0 0 0 0 0 0 0 0 0 0 0 0 0 0 0 0 0 0 0 0 0 0 0 0 0 0 0 0 0 0 0 0 0 0 0 0 0 0 0 0 0 0 0 0 0 0 0 0 0 0 0 0 0 0 0 0 0 0 0 0 0 0 0 0 0 0 0 0 0 0 0 0 0 0 0 0 0 0  # in Bzero
0 1 1 1 1 1 1 1 1 1 1 1 1 1 1 1 1 1 1 1 1 1 1 1 1 1 1 1 1 1 1 1 1 1 1 1 1 1 1 1 1 1 1 1 1 1 1 1 1 1 1 1 1 1 1 1 1 1 1 1 1 1 1 1 1 1 1 1 1 1 1 1 1 1 1 1 1 1 1 1 1 1 1 1 1 1 1 1 1 1 1 1 1 1 1 1 1 1 1 1 1 1 1 1 1 1 1 1 1 1 1 1 1 1 1 1 1 1 1 1 1 1 1 1 1 1  0 0 0 # in R project
0 1 1 1 1 1 1 1 1 1 1 1 1 1 1 1 1 1 1 1 1 1 1 1 1 1 1 1 1 1 1 1 1 1 1 1 1 1 1 1 1 1 1 1 1 1 1 1 1 1 1 1 1 1 1 1 1 1 1 1 1 1 1 1 1 1 1 1 1 1 1 1 1 1 1 1 1 1 1 1 1 1 1 1 1 1 1 1 1 1 1 1 1 1 1 1 1 1 1 1 1 1 1 1 1 1 1 1 1 1 1 1 1 1 1 1 1 1 1 1 1 1 1 1 1 1  0 0 0 # in R/S project
# Number of years with pre-specified catches
0
# catches for years with pre-specified catches go next
# Number of future recruitments to override
-2
# Process for overiding (-1 for average otherwise index in data list)
# Which probability to product detailed results for (1=0.5; 2=0.6; etc.)
3
# Steepness sigma-R Auto-correlation
0.718 0.5 0
# Target SPR rate (FMSY Proxy); manually change to SPR_MSY if not using SPR_target
0.5
# Discount rate (for cumulative catch)
0.1
# Truncate the series when 0.4B0 is reached (1=Yes)
0
# Set F to FMSY once 0.4B0 is reached (1=Yes)
0
# Maximum possible F for projection (-1 to set to FMSY)
-1
# Defintion of recovery (1=now only;2=now or before)
2
# Projection type
4
# Definition of the 40-10 rule
10 40
# Calculate coefficients of variation (1=Yes)
0
# Number of replicates to use
10
# Random number seed
-99004
# File with multiple parameter vectors 
rebuild.SSO
# User-specific projection (1=Yes); Output replaced (1->9)
0  5
# Catches and Fs (Year; 1/2/3 (F or C or SPR); value); Final row is -1
2016 1 1
-1 -1 -1
# Fixed catch project (1=Yes); Output replaced (1->9); Approach (-1=Read in else 1-9)
0 2 -1
# Split of Fs
2011  0.000531453
 0
 0.167452
 0.00689211
 0.266219
 0.242993
 0.315912
-1  1 1 1 1 1 1 1 1 1 1 1 1
# Yrs to define T_target for projection type 4 (a.k.a. 5 pre-specified inputs)
2022 2023 2024 2025 2026 
# Year for probability of recovery
2026 2027 2028 2029 2030 2031 2032 2033
# Time varying weight-at-age (1=Yes;0=No)
0
# File with time series of weight-at-age data
none
# Use bisection (0) or linear interpolation (1)
1
# Target Depletion
0.4
# CV of implementation error
0
